:  File version
convEps:  0.000100000
nMaxIteration:  200
beamDoseUniformity:  4.000000000
minCtNumber:  -200
surfaceMargin:  3.000000000
paretiConstrainedMode:  2
applyNuclearScatteringCorrection:  0
kernelGenerationALg:  1
rbeModelType:  0
nKernelGernerationPrecision:  0
nFinalGernerationPrecision:  0
nuclearInteraction:  3
bDoseToWater:  0
photonCutoffEnergy:  0.000000000
electronCutoffEnergy:  0.000000000
protonCutoffEnergy:  1394237213956484000000000000000000000000000000000000000000000000000000000000000000000000000000000000000000000000000000000000000000000000000000000000000000000000000000000000000000000000000000000000000000000000000000000000000000000.000000000
doseThreshold:  0.000000000
maxParticlesPerSpot:  6969777364424941600000000000000000000000000000000000000000000000000000000000000000000000000000000000000000000000000000000000000000000000000000000000000000000000000000000000000000000000000000000000000000000000000000000000000000000.000000000
uncertaintyPerSpot:  0.000000000
nGridDimX,nGridDimY,nGridDimZ:  153,143,110
voxelSizeX,voxelSizeY,voxelSizeZ:  2.000000000,2.000000000,2.000000000
nBeamNumr:  1
nTargetNumr:  0
materialDataLocation:  C:\ProgramData\CMS\DoseService\ProtonData\Materials\
materialTableName:  materials_LUT_Patient.json
doseCalibrationType:  1
finalCalculationAlg:  1
arrOffsetInfo.size:  0
arrBeamData.size:  1
nPaints:  1
nSweeps:  1
strRidgeFilterID:  
nominalBeamIntensity:  0.000000000
isocenterPos[0].isocenterPos[1].isocenterPos[2]:  152.000000000,144.000000000,182.000000000
beamData.matrixBeamToPatient[0][0]beamData.matrixBeamToPatient[0][1]beamData.matrixBeamToPatient[0][2]beamData.matrixBeamToPatient[1][0]beamData.matrixBeamToPatient[1][1]beamData.matrixBeamToPatient[1][2]beamData.matrixBeamToPatient[2][0]beamData.matrixBeamToPatient[2][1]beamData.matrixBeamToPatient[2][2]:  0.707106781,0.707106781,0.000000000,-0.707106781,0.707106781,0.000000000,0.000000000,0.000000000,1.000000000
gantryAngle:  0.000000000
collimatorAngle:  0.000000000
couchRollAngle:  0.000000000
couchPitchAngle:  0.000000000
couchYawAngle:  45.000000000
snoutID:  s1
strMachineID:  G2ID3LOW
strSpotTuneID:  3.0
xFocusToIsocenter:  2233.000000000
yFocusToIsocenter:  1839.000000000
spotPlacementMarginOption:  1
sliceThicknessOption:  1
marginLateral:  1.000000000
marginDistal:  1.000000000
marginProximal:  1.000000000
radiusProximalSmearing:  1.000000000
radiusDistalSmearing:  1.000000000
stepX:  0.000000000
stepY:  0.000000000
sliceThickness:  0.000000000
peakWidthMultiplier:  1.000000000
geoMargin:  8.000000000
spotMode:  2
longSt:  1
arrLayerData.size:  1
nShotNum:  0
strBeamModelID:  
prescribedRange:  0.000000000
nominalEnergy:  98.639649000
airGap:  353.900000000
position:  420.000000000
rangeShifterId:  40mm
rangeShifterMaterial:  lexan
rangeShifterThickness:  36.100000000
arrSpotData.size:  1
meterset:  12.000000000
positionOnIso[0].positionOnIso[1]:  -0.035784000,-0.035784000
